wavelength	throughput
300.00	9.5000001465451E-7
300.50	9.5000001465451E-7
301.00	9.5000001465451E-7
301.50	2.5075000849029E-6
302.00	9.5000001465451E-7
302.50	9.5000001465451E-7
303.00	9.5000001465451E-7
303.50	9.5000001465451E-7
304.00	9.5000001465451E-7
304.50	9.5000001465451E-7
305.00	1.1462500424386E-6
305.50	9.5000001465451E-7
306.00	9.5000001465451E-7
306.50	7.2843699854275E-6
307.00	1.7047799474312E-6
307.50	9.5000001465451E-7
308.00	9.5000001465451E-7
308.50	9.5000001465451E-7
309.00	9.5000001465451E-7
309.50	9.5000001465451E-7
310.00	2.5295400973846E-6
310.50	2.6037600946438E-6
311.00	1.3912299436925E-6
311.50	2.3294899165194E-6
312.00	4.4254297790758E-6
312.50	3.474279992588E-6
313.00	2.0246800431778E-6
313.50	9.5000001465451E-7
314.00	4.9902600949281E-6
314.50	9.5000001465451E-7
315.00	1.5371100516859E-6
315.50	9.5000001465451E-7
316.00	9.5000001465451E-7
316.50	9.5000001465451E-7
317.00	9.5000001465451E-7
317.50	3.1549400318909E-6
318.00	9.5000001465451E-7
318.50	9.5000001465451E-7
319.00	5.2406699069252E-6
319.50	9.5000001465451E-7
320.00	1.859149961092E-6
320.50	9.5000001465451E-7
321.00	1.2461199503377E-6
321.50	9.5000001465451E-7
322.00	9.5000001465451E-7
322.50	9.5000001465451E-7
323.00	9.5000001465451E-7
323.50	9.5000001465451E-7
324.00	9.5000001465451E-7
324.50	9.5000001465451E-7
325.00	9.5000001465451E-7
325.50	9.5000001465451E-7
326.00	1.9065299738941E-6
326.50	9.5000001465451E-7
327.00	9.5000001465451E-7
327.50	9.5000001465451E-7
328.00	9.5000001465451E-7
328.50	9.5000001465451E-7
329.00	9.5000001465451E-7
329.50	9.5000001465451E-7
330.00	9.5000001465451E-7
330.50	1.6049599480539E-6
331.00	9.5000001465451E-7
331.50	9.5000001465451E-7
332.00	9.5000001465451E-7
332.50	9.5000001465451E-7
333.00	9.5000001465451E-7
333.50	9.5000001465451E-7
334.00	9.5000001465451E-7
334.50	1.4182900258675E-6
335.00	1.4006500350661E-6
335.50	9.5000001465451E-7
336.00	9.5000001465451E-7
336.50	9.5000001465451E-7
337.00	9.5000001465451E-7
337.50	9.5000001465451E-7
338.00	9.5000001465451E-7
338.50	1.427829943168E-6
339.00	9.5000001465451E-7
339.50	9.5000001465451E-7
340.00	9.5000001465451E-7
340.50	1.0789000270961E-6
341.00	9.5000001465451E-7
341.50	1.910100081659E-6
342.00	1.3903900253354E-6
342.50	9.5000001465451E-7
343.00	9.5000001465451E-7
343.50	9.5000001465451E-7
344.00	9.5000001465451E-7
344.50	9.5000001465451E-7
345.00	9.5000001465451E-7
345.50	2.4207899969042E-6
346.00	1.7032499499692E-6
346.50	9.5000001465451E-7
347.00	9.5000001465451E-7
347.50	9.5000001465451E-7
348.00	9.5000001465451E-7
348.50	9.5000001465451E-7
349.00	9.5000001465451E-7
349.50	1.5531500139332E-6
350.00	9.5000001465451E-7
350.50	9.5000001465451E-7
351.00	9.5000001465451E-7
351.50	9.5000001465451E-7
352.00	1.2002400353595E-6
352.50	9.5000001465451E-7
353.00	9.5000001465451E-7
353.50	9.5000001465451E-7
354.00	9.5000001465451E-7
354.50	9.5000001465451E-7
355.00	1.1244800361965E-6
355.50	9.5000001465451E-7
356.00	9.5000001465451E-7
356.50	3.7489101032406E-6
357.00	4.9581399252929E-6
357.50	6.0655897868855E-6
358.00	6.9191301008686E-6
358.50	1.4883700032442E-6
359.00	7.3480200626364E-6
359.50	1.3125600162311E-5
360.00	1.6571100786678E-5
360.50	9.9922399385832E-6
361.00	1.7441900126869E-5
361.50	7.1740100793249E-6
362.00	2.0485399545578E-6
362.50	2.5397600893484E-6
363.00	9.5000001465451E-7
363.50	1.1825400179077E-6
364.00	9.5000001465451E-7
364.50	9.5000001465451E-7
365.00	9.5000001465451E-7
365.50	9.5000001465451E-7
366.00	9.5000001465451E-7
366.50	9.5000001465451E-7
367.00	9.5000001465451E-7
367.50	9.5000001465451E-7
368.00	9.5000001465451E-7
368.50	9.5000001465451E-7
369.00	9.5000001465451E-7
369.50	1.0423400453874E-6
370.00	9.5000001465451E-7
370.50	9.5000001465451E-7
371.00	9.5000001465451E-7
371.50	9.5000001465451E-7
372.00	9.5000001465451E-7
372.50	9.5000001465451E-7
373.00	9.5000001465451E-7
373.50	9.5000001465451E-7
374.00	9.5000001465451E-7
374.50	9.5000001465451E-7
375.00	9.5000001465451E-7
375.50	9.5000001465451E-7
376.00	9.5000001465451E-7
376.50	9.5000001465451E-7
377.00	9.5000001465451E-7
377.50	9.5000001465451E-7
378.00	9.5000001465451E-7
378.50	9.5000001465451E-7
379.00	9.5000001465451E-7
379.50	9.5000001465451E-7
380.00	9.5000001465451E-7
380.50	9.5000001465451E-7
381.00	9.5000001465451E-7
381.50	9.5000001465451E-7
382.00	9.5000001465451E-7
382.50	9.5000001465451E-7
383.00	9.5000001465451E-7
383.50	9.5000001465451E-7
384.00	9.5000001465451E-7
384.50	9.5000001465451E-7
385.00	9.5000001465451E-7
385.50	9.5000001465451E-7
386.00	9.5000001465451E-7
386.50	9.5000001465451E-7
387.00	9.5000001465451E-7
387.50	9.5000001465451E-7
388.00	9.5000001465451E-7
388.50	9.5000001465451E-7
389.00	9.5000001465451E-7
389.50	9.5000001465451E-7
390.00	9.5000001465451E-7
390.50	9.5000001465451E-7
391.00	9.5000001465451E-7
391.50	9.5000001465451E-7
392.00	9.5000001465451E-7
392.50	9.5000001465451E-7
393.00	9.5000001465451E-7
393.50	9.5000001465451E-7
394.00	9.5000001465451E-7
394.50	9.5000001465451E-7
395.00	9.5000001465451E-7
395.50	9.5000001465451E-7
396.00	9.5000001465451E-7
396.50	1.5564799468848E-5
397.00	5.8553501730785E-5
397.50	6.4968597143888E-5
398.00	2.2748299670639E-5
398.50	9.5000001465451E-7
399.00	1.3203699609221E-6
399.50	1.1239300192756E-6
400.00	9.5000001465451E-7
400.50	9.5000001465451E-7
401.00	9.5000001465451E-7
401.50	9.5000001465451E-7
402.00	9.5000001465451E-7
402.50	9.5000001465451E-7
403.00	9.5000001465451E-7
403.50	9.5000001465451E-7
404.00	9.5000001465451E-7
404.50	9.5000001465451E-7
405.00	9.5000001465451E-7
405.50	9.5000001465451E-7
406.00	9.5000001465451E-7
406.50	9.5000001465451E-7
407.00	9.5000001465451E-7
407.50	9.5000001465451E-7
408.00	9.5000001465451E-7
408.50	9.5000001465451E-7
409.00	9.5000001465451E-7
409.50	9.5000001465451E-7
410.00	9.5000001465451E-7
410.50	9.5000001465451E-7
411.00	9.5000001465451E-7
411.50	9.5000001465451E-7
412.00	9.5000001465451E-7
412.50	9.5000001465451E-7
413.00	9.5000001465451E-7
413.50	9.5000001465451E-7
414.00	9.5000001465451E-7
414.50	9.5000001465451E-7
415.00	9.5000001465451E-7
415.50	9.5000001465451E-7
416.00	9.5000001465451E-7
416.50	9.5000001465451E-7
417.00	9.5000001465451E-7
417.50	9.5000001465451E-7
418.00	9.5000001465451E-7
418.50	9.5000001465451E-7
419.00	9.5000001465451E-7
419.50	9.5000001465451E-7
420.00	9.5000001465451E-7
420.50	9.5000001465451E-7
421.00	9.5000001465451E-7
421.50	9.5000001465451E-7
422.00	9.5000001465451E-7
422.50	9.5000001465451E-7
423.00	9.5000001465451E-7
423.50	9.5000001465451E-7
424.00	9.5000001465451E-7
424.50	9.5000001465451E-7
425.00	9.5000001465451E-7
425.50	9.5000001465451E-7
426.00	9.5000001465451E-7
426.50	9.5000001465451E-7
427.00	9.5000001465451E-7
427.50	9.5000001465451E-7
428.00	9.5000001465451E-7
428.50	9.5000001465451E-7
429.00	9.5000001465451E-7
429.50	9.5000001465451E-7
430.00	9.5000001465451E-7
430.50	9.5000001465451E-7
431.00	9.5000001465451E-7
431.50	9.5000001465451E-7
432.00	9.5000001465451E-7
432.50	9.5000001465451E-7
433.00	9.5000001465451E-7
433.50	9.5000001465451E-7
434.00	9.5000001465451E-7
434.50	9.5000001465451E-7
435.00	9.5000001465451E-7
435.50	9.5000001465451E-7
436.00	9.5000001465451E-7
436.50	9.5000001465451E-7
437.00	9.5000001465451E-7
437.50	9.5000001465451E-7
438.00	9.5000001465451E-7
438.50	9.5000001465451E-7
439.00	9.5000001465451E-7
439.50	9.5000001465451E-7
440.00	9.5000001465451E-7
440.50	9.5000001465451E-7
441.00	9.5000001465451E-7
441.50	9.5000001465451E-7
442.00	9.5000001465451E-7
442.50	9.5000001465451E-7
443.00	9.5000001465451E-7
443.50	9.5000001465451E-7
444.00	9.5000001465451E-7
444.50	9.5000001465451E-7
445.00	9.5000001465451E-7
445.50	9.5000001465451E-7
446.00	9.5000001465451E-7
446.50	9.5000001465451E-7
447.00	9.5000001465451E-7
447.50	9.5000001465451E-7
448.00	9.5000001465451E-7
448.50	9.5000001465451E-7
449.00	9.5000001465451E-7
449.50	9.5000001465451E-7
450.00	9.5000001465451E-7
450.50	9.5000001465451E-7
451.00	9.5000001465451E-7
451.50	9.5000001465451E-7
452.00	9.5000001465451E-7
452.50	9.5000001465451E-7
453.00	9.5000001465451E-7
453.50	9.5000001465451E-7
454.00	9.5000001465451E-7
454.50	9.5000001465451E-7
455.00	9.5000001465451E-7
455.50	9.5000001465451E-7
456.00	9.5000001465451E-7
456.50	9.5000001465451E-7
457.00	9.5000001465451E-7
457.50	9.5000001465451E-7
458.00	9.5000001465451E-7
458.50	9.5000001465451E-7
459.00	9.5000001465451E-7
459.50	9.5000001465451E-7
460.00	9.5000001465451E-7
460.50	9.5000001465451E-7
461.00	9.5000001465451E-7
461.50	9.5000001465451E-7
462.00	9.5000001465451E-7
462.50	9.5000001465451E-7
463.00	9.5000001465451E-7
463.50	9.5000001465451E-7
464.00	9.5000001465451E-7
464.50	9.5000001465451E-7
465.00	9.5000001465451E-7
465.50	9.5000001465451E-7
466.00	9.5000001465451E-7
466.50	9.5000001465451E-7
467.00	9.5000001465451E-7
467.50	9.5000001465451E-7
468.00	9.5000001465451E-7
468.50	9.5000001465451E-7
469.00	9.5000001465451E-7
469.50	9.5000001465451E-7
470.00	9.5000001465451E-7
470.50	9.5000001465451E-7
471.00	9.5000001465451E-7
471.50	9.5000001465451E-7
472.00	9.5000001465451E-7
472.50	9.5000001465451E-7
473.00	9.5000001465451E-7
473.50	9.5000001465451E-7
474.00	9.5000001465451E-7
474.50	9.5000001465451E-7
475.00	9.5000001465451E-7
475.50	9.5000001465451E-7
476.00	9.5000001465451E-7
476.50	9.5000001465451E-7
477.00	9.5000001465451E-7
477.50	9.5000001465451E-7
478.00	9.5000001465451E-7
478.50	9.5000001465451E-7
479.00	9.5000001465451E-7
479.50	9.5000001465451E-7
480.00	9.5000001465451E-7
480.50	9.5000001465451E-7
481.00	9.5000001465451E-7
481.50	9.5000001465451E-7
482.00	9.5000001465451E-7
482.50	9.5000001465451E-7
483.00	9.5000001465451E-7
483.50	9.5000001465451E-7
484.00	9.5000001465451E-7
484.50	9.5000001465451E-7
485.00	9.5000001465451E-7
485.50	9.5000001465451E-7
486.00	9.5000001465451E-7
486.50	9.5000001465451E-7
487.00	9.5000001465451E-7
487.50	9.5000001465451E-7
488.00	9.5000001465451E-7
488.50	9.5000001465451E-7
489.00	9.5000001465451E-7
489.50	9.5000001465451E-7
490.00	9.5000001465451E-7
490.50	9.5000001465451E-7
491.00	9.5000001465451E-7
491.50	9.5000001465451E-7
492.00	9.5000001465451E-7
492.50	9.5000001465451E-7
493.00	9.5000001465451E-7
493.50	9.5000001465451E-7
494.00	9.5000001465451E-7
494.50	9.5000001465451E-7
495.00	9.5000001465451E-7
495.50	9.5000001465451E-7
496.00	9.5000001465451E-7
496.50	9.5000001465451E-7
497.00	9.5000001465451E-7
497.50	9.5000001465451E-7
498.00	9.5000001465451E-7
498.50	9.5000001465451E-7
499.00	9.5000001465451E-7
499.50	9.5000001465451E-7
500.00	9.5000001465451E-7
500.50	9.5000001465451E-7
501.00	9.5000001465451E-7
501.50	9.5000001465451E-7
502.00	9.5000001465451E-7
502.50	9.5000001465451E-7
503.00	9.5000001465451E-7
503.50	9.5000001465451E-7
504.00	9.5000001465451E-7
504.50	9.5000001465451E-7
505.00	9.5000001465451E-7
505.50	9.5000001465451E-7
506.00	9.5000001465451E-7
506.50	9.5000001465451E-7
507.00	9.5000001465451E-7
507.50	9.5000001465451E-7
508.00	9.5000001465451E-7
508.50	9.5000001465451E-7
509.00	9.5000001465451E-7
509.50	9.5000001465451E-7
510.00	9.5000001465451E-7
510.50	9.5000001465451E-7
511.00	9.5000001465451E-7
511.50	9.5000001465451E-7
512.00	9.5000001465451E-7
512.50	9.5000001465451E-7
513.00	9.5000001465451E-7
513.50	9.5000001465451E-7
514.00	9.5000001465451E-7
514.50	9.5000001465451E-7
515.00	9.5000001465451E-7
515.50	9.5000001465451E-7
516.00	9.5000001465451E-7
516.50	9.5000001465451E-7
517.00	9.5000001465451E-7
517.50	9.5000001465451E-7
518.00	9.5000001465451E-7
518.50	9.5000001465451E-7
519.00	9.5000001465451E-7
519.50	9.5000001465451E-7
520.00	9.5000001465451E-7
520.50	9.5000001465451E-7
521.00	9.5000001465451E-7
521.50	9.5000001465451E-7
522.00	9.5000001465451E-7
522.50	9.5000001465451E-7
523.00	9.5000001465451E-7
523.50	9.5000001465451E-7
524.00	9.5000001465451E-7
524.50	9.5000001465451E-7
525.00	9.5000001465451E-7
525.50	9.5000001465451E-7
526.00	9.5000001465451E-7
526.50	9.5000001465451E-7
527.00	9.5000001465451E-7
527.50	9.5000001465451E-7
528.00	9.5000001465451E-7
528.50	9.5000001465451E-7
529.00	9.5000001465451E-7
529.50	9.5000001465451E-7
530.00	9.5000001465451E-7
530.50	9.5000001465451E-7
531.00	9.5000001465451E-7
531.50	9.5000001465451E-7
532.00	9.5000001465451E-7
532.50	9.5000001465451E-7
533.00	9.5000001465451E-7
533.50	9.5000001465451E-7
534.00	9.5000001465451E-7
534.50	9.5000001465451E-7
535.00	9.5000001465451E-7
535.50	9.5000001465451E-7
536.00	9.5000001465451E-7
536.50	9.5000001465451E-7
537.00	9.5000001465451E-7
537.50	9.5000001465451E-7
538.00	9.5000001465451E-7
538.50	9.5000001465451E-7
539.00	9.5000001465451E-7
539.50	9.5000001465451E-7
540.00	9.5000001465451E-7
540.50	9.5000001465451E-7
541.00	9.5000001465451E-7
541.50	9.5000001465451E-7
542.00	9.5000001465451E-7
542.50	9.5000001465451E-7
543.00	9.5000001465451E-7
543.50	9.5000001465451E-7
544.00	9.5000001465451E-7
544.50	9.5000001465451E-7
545.00	9.5000001465451E-7
545.50	9.5000001465451E-7
546.00	9.5000001465451E-7
546.50	9.5000001465451E-7
547.00	9.5000001465451E-7
547.50	9.5000001465451E-7
548.00	9.5000001465451E-7
548.50	9.5000001465451E-7
549.00	9.5000001465451E-7
549.50	9.5000001465451E-7
550.00	9.5000001465451E-7
550.50	9.5000001465451E-7
551.00	9.5000001465451E-7
551.50	9.5000001465451E-7
552.00	9.5000001465451E-7
552.50	9.5000001465451E-7
553.00	9.5000001465451E-7
553.50	9.5000001465451E-7
554.00	9.5000001465451E-7
554.50	9.5000001465451E-7
555.00	9.5000001465451E-7
555.50	9.5000001465451E-7
556.00	9.5000001465451E-7
556.50	9.5000001465451E-7
557.00	9.5000001465451E-7
557.50	9.5000001465451E-7
558.00	9.5000001465451E-7
558.50	9.5000001465451E-7
559.00	9.5000001465451E-7
559.50	9.5000001465451E-7
560.00	9.5000001465451E-7
560.50	9.5000001465451E-7
561.00	9.5000001465451E-7
561.50	9.5000001465451E-7
562.00	9.5000001465451E-7
562.50	9.5000001465451E-7
563.00	9.5000001465451E-7
563.50	9.5000001465451E-7
564.00	9.5000001465451E-7
564.50	9.5000001465451E-7
565.00	9.5000001465451E-7
565.50	9.5000001465451E-7
566.00	9.5000001465451E-7
566.50	9.5000001465451E-7
567.00	9.5000001465451E-7
567.50	9.5000001465451E-7
568.00	9.5000001465451E-7
568.50	1.149230001829E-6
569.00	9.5000001465451E-7
569.50	9.5000001465451E-7
570.00	9.5000001465451E-7
570.50	9.5000001465451E-7
571.00	9.5000001465451E-7
571.50	9.5000001465451E-7
572.00	9.5000001465451E-7
572.50	9.5000001465451E-7
573.00	9.5000001465451E-7
573.50	9.5000001465451E-7
574.00	9.5000001465451E-7
574.50	1.8150100231651E-6
575.00	9.5000001465451E-7
575.50	9.5000001465451E-7
576.00	9.5000001465451E-7
576.50	9.5000001465451E-7
577.00	9.5000001465451E-7
577.50	9.5000001465451E-7
578.00	9.5000001465451E-7
578.50	9.5000001465451E-7
579.00	9.5000001465451E-7
579.50	9.5000001465451E-7
580.00	9.5000001465451E-7
580.50	9.5000001465451E-7
581.00	9.5000001465451E-7
581.50	9.5000001465451E-7
582.00	9.5000001465451E-7
582.50	9.5000001465451E-7
583.00	9.5000001465451E-7
583.50	9.5000001465451E-7
584.00	9.5000001465451E-7
584.50	9.5000001465451E-7
585.00	9.5000001465451E-7
585.50	9.5000001465451E-7
586.00	9.5000001465451E-7
586.50	9.5000001465451E-7
587.00	9.5000001465451E-7
587.50	9.5000001465451E-7
588.00	9.5000001465451E-7
588.50	9.5000001465451E-7
589.00	9.5000001465451E-7
589.50	9.5000001465451E-7
590.00	9.5000001465451E-7
590.50	9.5000001465451E-7
591.00	9.5000001465451E-7
591.50	9.5000001465451E-7
592.00	9.5000001465451E-7
592.50	9.5000001465451E-7
593.00	9.5000001465451E-7
593.50	9.5000001465451E-7
594.00	9.5000001465451E-7
594.50	9.5000001465451E-7
595.00	9.5000001465451E-7
595.50	9.5000001465451E-7
596.00	9.5000001465451E-7
596.50	9.5000001465451E-7
597.00	9.5000001465451E-7
597.50	9.5000001465451E-7
598.00	9.5000001465451E-7
598.50	9.5000001465451E-7
599.00	9.5000001465451E-7
599.50	9.5000001465451E-7
600.00	9.5000001465451E-7
600.50	9.5000001465451E-7
601.00	9.5000001465451E-7
601.50	9.5000001465451E-7
602.00	9.5000001465451E-7
602.50	9.5000001465451E-7
603.00	9.5000001465451E-7
603.50	9.5000001465451E-7
604.00	9.5000001465451E-7
604.50	9.5000001465451E-7
605.00	9.5000001465451E-7
605.50	9.5000001465451E-7
606.00	9.5000001465451E-7
606.50	9.5000001465451E-7
607.00	9.5000001465451E-7
607.50	9.5000001465451E-7
608.00	9.5000001465451E-7
608.50	9.5000001465451E-7
609.00	9.5000001465451E-7
609.50	9.5000001465451E-7
610.00	9.5000001465451E-7
610.50	9.5000001465451E-7
611.00	9.5000001465451E-7
611.50	9.5000001465451E-7
612.00	9.5000001465451E-7
612.50	9.5000001465451E-7
613.00	9.5000001465451E-7
613.50	9.5000001465451E-7
614.00	9.5000001465451E-7
614.50	9.5000001465451E-7
615.00	9.5000001465451E-7
615.50	9.5000001465451E-7
616.00	9.5000001465451E-7
616.50	9.5000001465451E-7
617.00	9.5000001465451E-7
617.50	9.5000001465451E-7
618.00	9.5000001465451E-7
618.50	9.5000001465451E-7
619.00	9.5000001465451E-7
619.50	9.5000001465451E-7
620.00	9.5000001465451E-7
620.50	9.5000001465451E-7
621.00	9.5000001465451E-7
621.50	9.5000001465451E-7
622.00	9.5000001465451E-7
622.50	9.5000001465451E-7
623.00	9.5000001465451E-7
623.50	9.5000001465451E-7
624.00	9.5000001465451E-7
624.50	9.5000001465451E-7
625.00	9.5000001465451E-7
625.50	9.5000001465451E-7
626.00	9.5000001465451E-7
626.50	9.5000001465451E-7
627.00	9.5000001465451E-7
627.50	9.5000001465451E-7
628.00	1.0676800457077E-6
628.50	9.5000001465451E-7
629.00	9.5000001465451E-7
629.50	9.5000001465451E-7
630.00	9.5000001465451E-7
630.50	9.5000001465451E-7
631.00	9.5000001465451E-7
631.50	9.5000001465451E-7
632.00	9.5000001465451E-7
632.50	9.5000001465451E-7
633.00	9.5000001465451E-7
633.50	9.5000001465451E-7
634.00	9.5000001465451E-7
634.50	9.5000001465451E-7
635.00	9.5000001465451E-7
635.50	9.5000001465451E-7
636.00	9.5000001465451E-7
636.50	9.5000001465451E-7
637.00	9.5000001465451E-7
637.50	9.5000001465451E-7
638.00	9.5000001465451E-7
638.50	9.5000001465451E-7
639.00	9.5000001465451E-7
639.50	1.5814799780856E-6
640.00	9.5000001465451E-7
640.50	1.0190600505666E-6
641.00	2.0058701011294E-6
641.50	2.5572298909537E-6
642.00	4.4554899432114E-6
642.50	7.3518899625924E-6
643.00	6.6371899265505E-6
643.50	5.0983098844881E-6
644.00	4.6259501687018E-6
644.50	3.9172900869744E-6
645.00	3.388010100025E-6
645.50	2.710630042202E-6
646.00	4.6706200009794E-6
646.50	3.073560037592E-6
647.00	3.6088899832976E-6
647.50	4.2065598790941E-6
648.00	5.1778301894956E-6
648.50	5.2397499530343E-6
649.00	8.7589896793361E-6
649.50	1.0951799595205E-5
650.00	1.1623300451902E-5
650.50	1.4859099792375E-5
651.00	1.6878000678844E-5
651.50	2.1212799765635E-5
652.00	2.4749899239396E-5
652.50	3.064850170631E-5
653.00	3.6082699807594E-5
653.50	4.6747500164201E-5
654.00	6.2951003201306E-5
654.50	7.7668701123912E-5
655.00	0.00010605400166241
655.50	0.00013008899986744
656.00	0.00016167899593711
656.50	0.00020170900097582
657.00	0.00024614200810902
657.50	0.00027945399051532
658.00	0.00031563799711876
658.50	0.00035411299904808
659.00	0.00038463898818009
659.50	0.00043084699427709
660.00	0.00049005600158125
660.50	0.00057886599097401
661.00	0.00069661601446569
661.50	0.00088679202599451
662.00	0.0011556099634618
662.50	0.0015798199456185
663.00	0.002269450109452
663.50	0.0033180399332196
664.00	0.0050268098711967
664.50	0.0077679702080786
665.00	0.012171199545264
665.50	0.019804999232292
666.00	0.032542500644922
666.50	0.055724300444126
667.00	0.095506399869919
667.50	0.16740700602531
668.00	0.28746101260185
668.50	0.45331698656082
669.00	0.63430398702621
669.50	0.78397101163864
670.00	0.88357597589493
670.50	0.94278198480606
671.00	0.97503799200058
671.50	0.98466998338699
672.00	0.98484802246094
672.50	0.9862340092659
673.00	0.98674499988556
673.50	0.98400300741196
674.00	0.97542601823807
674.50	0.96065002679825
675.00	0.91826701164246
675.50	0.81208401918411
676.00	0.62762498855591
676.50	0.42522001266479
677.00	0.25959900021553
677.50	0.15637099742889
678.00	0.095006696879864
678.50	0.060308698564768
679.00	0.039197199046612
679.50	0.026661600917578
680.00	0.018355099484324
680.50	0.013015699572861
681.00	0.0092652896419168
681.50	0.0066121099516749
682.00	0.0046180197969079
682.50	0.0031834100373089
683.00	0.002206499921158
683.50	0.0015458799898624
684.00	0.0010947800474241
684.50	0.00078691099770367
685.00	0.0005820450023748
685.50	0.00044857998727821
686.00	0.00034926400985569
686.50	0.00029854700551368
687.00	0.00025642200489528
687.50	0.00022414099657908
688.00	0.00020334799773991
688.50	0.00018900699797086
689.00	0.00018265799735673
689.50	0.00016857699665707
690.00	0.00016388199583162
690.50	0.00015743200492579
691.00	0.00013834099809173
691.50	0.00012977900041733
692.00	0.00010182199912379
692.50	8.701399929123E-5
693.00	7.0856098318473E-5
693.50	5.9909398260061E-5
694.00	4.8807800340001E-5
694.50	4.1066999983741E-5
695.00	3.7362198781921E-5
695.50	3.2709100196371E-5
696.00	3.4418801078573E-5
696.50	2.9219499992905E-5
697.00	2.8738599212375E-5
697.50	2.6489200536162E-5
698.00	2.8494499929366E-5
698.50	2.5971899958677E-5
699.00	2.2309099222184E-5
699.50	1.9970599169028E-5
700.00	1.8735699995887E-5
700.50	1.3571399904322E-5
701.00	1.1706800250977E-5
701.50	9.7803904282046E-6
702.00	8.3184004324721E-6
702.50	8.0676500147092E-6
703.00	7.1748099799152E-6
703.50	5.9932599469903E-6
704.00	6.4081900745805E-6
704.50	5.1632400754897E-6
705.00	6.0423399190768E-6
705.50	5.5738901210134E-6
706.00	7.0197402237682E-6
706.50	8.2973901953665E-6
707.00	9.9034996310365E-6
707.50	8.352240001841E-6
708.00	1.0355899576098E-5
708.50	8.4949897427578E-6
709.00	8.7552398326807E-6
709.50	7.9661103882245E-6
710.00	8.2006599768647E-6
710.50	5.5376399359375E-6
711.00	7.4784597927646E-6
711.50	6.562469934579E-6
712.00	5.8945101955032E-6
712.50	6.7949399635836E-6
713.00	5.3619601203536E-6
713.50	4.9079699238064E-6
714.00	6.9836301008763E-6
714.50	7.3467999754939E-6
715.00	6.9110101321712E-6
715.50	7.1460099206888E-6
716.00	6.3202401179296E-6
716.50	5.4340398492059E-6
717.00	3.2072300655273E-6
717.50	3.6017900129082E-6
718.00	3.427770025155E-6
718.50	1.8767500478134E-6
719.00	2.3904099180072E-6
719.50	1.8894800177804E-6
720.00	1.9225299183745E-6
720.50	2.9258499125717E-6
721.00	1.2838499969803E-6
721.50	2.219419911853E-6
722.00	1.2249799965502E-6
722.50	1.9791300474026E-6
723.00	2.672409891602E-6
723.50	3.8396001400542E-6
724.00	3.1771498925082E-6
724.50	4.9252098506258E-6
725.00	5.2627701734309E-6
725.50	7.7354097811622E-6
726.00	7.5940401984553E-6
726.50	7.1865902100399E-6
727.00	6.5836197791214E-6
727.50	5.6933799896797E-6
728.00	5.1536999308155E-6
728.50	4.3236000237812E-6
729.00	3.8887701521162E-6
729.50	4.3679301597876E-6
730.00	4.0576001083537E-6
730.50	2.8319200282567E-6
731.00	1.8895000266639E-6
731.50	1.4116500324235E-6
732.00	1.6426899946964E-6
732.50	1.6155199773493E-6
733.00	9.5000001465451E-7
733.50	1.0591800219117E-6
734.00	2.1967700831738E-6
734.50	2.8764000035153E-6
735.00	4.93840980198E-6
735.50	4.9841901272885E-6
736.00	5.8386199270899E-6
736.50	1.7105599908973E-5
737.00	2.2660400645691E-5
737.50	1.0912600373558E-5
738.00	3.9709998418402E-6
738.50	1.2354399814285E-6
739.00	9.5000001465451E-7
739.50	9.5000001465451E-7
740.00	9.5000001465451E-7
740.50	9.5000001465451E-7
741.00	9.5000001465451E-7
741.50	1.0466300182088E-6
742.00	9.5000001465451E-7
742.50	9.5000001465451E-7
743.00	9.5000001465451E-7
743.50	9.5000001465451E-7
744.00	9.5000001465451E-7
744.50	9.5000001465451E-7
745.00	9.5379903086723E-7
745.50	9.5000001465451E-7
746.00	9.5000001465451E-7
746.50	9.5902203156584E-7
747.00	9.5000001465451E-7
747.50	9.5000001465451E-7
748.00	1.0311000551155E-6
748.50	9.5000001465451E-7
749.00	9.5000001465451E-7
749.50	9.5000001465451E-7
750.00	9.5000001465451E-7
750.50	9.5000001465451E-7
751.00	9.5000001465451E-7
751.50	9.5000001465451E-7
752.00	9.5000001465451E-7
752.50	9.5000001465451E-7
753.00	1.0378399792899E-6
753.50	9.5000001465451E-7
754.00	9.5000001465451E-7
754.50	9.5000001465451E-7
755.00	9.5000001465451E-7
755.50	9.5000001465451E-7
756.00	9.5000001465451E-7
756.50	1.0926099776043E-6
757.00	9.5000001465451E-7
757.50	9.5000001465451E-7
758.00	9.5000001465451E-7
758.50	9.5000001465451E-7
759.00	9.5000001465451E-7
759.50	9.5000001465451E-7
760.00	9.5000001465451E-7
760.50	9.5000001465451E-7
761.00	9.5000001465451E-7
761.50	1.3415100283964E-6
762.00	9.5000001465451E-7
762.50	9.5000001465451E-7
763.00	9.5000001465451E-7
763.50	9.5000001465451E-7
764.00	1.7997499526246E-6
764.50	9.5000001465451E-7
765.00	9.5000001465451E-7
765.50	9.5000001465451E-7
766.00	9.5000001465451E-7
766.50	9.5000001465451E-7
767.00	9.5000001465451E-7
767.50	9.5000001465451E-7
768.00	1.1988599908364E-6
768.50	9.5000001465451E-7
769.00	1.7609600035939E-6
769.50	2.3341899577645E-6
770.00	1.400509972882E-6
770.50	9.5000001465451E-7
771.00	9.5000001465451E-7
771.50	9.5000001465451E-7
772.00	9.5000001465451E-7
772.50	9.5000001465451E-7
773.00	1.7761899471225E-6
773.50	2.4097998903017E-6
774.00	9.5000001465451E-7
774.50	9.5000001465451E-7
775.00	9.5000001465451E-7
775.50	2.3938600861584E-6
776.00	9.5000001465451E-7
776.50	9.5000001465451E-7
777.00	9.5000001465451E-7
777.50	9.5000001465451E-7
778.00	9.5000001465451E-7
778.50	9.5000001465451E-7
779.00	1.252309971278E-6
779.50	1.8060200090986E-6
780.00	9.5000001465451E-7
780.50	1.658789983594E-6
781.00	9.5000001465451E-7
781.50	9.5000001465451E-7
782.00	9.5000001465451E-7
782.50	9.5000001465451E-7
783.00	9.5000001465451E-7
783.50	1.8548199705037E-6
784.00	9.5000001465451E-7
784.50	9.5000001465451E-7
785.00	9.5000001465451E-7
785.50	9.5000001465451E-7
786.00	9.9890701221739E-7
786.50	9.5000001465451E-7
787.00	9.5000001465451E-7
787.50	9.5000001465451E-7
788.00	9.5000001465451E-7
788.50	9.5000001465451E-7
789.00	9.5000001465451E-7
789.50	9.5000001465451E-7
790.00	9.5000001465451E-7
790.50	1.095790025829E-6
791.00	9.5000001465451E-7
791.50	1.8034600088868E-6
792.00	2.4520400074834E-6
792.50	1.5947399560901E-6
793.00	2.7651699383568E-6
793.50	9.5000001465451E-7
794.00	9.5000001465451E-7
794.50	9.5000001465451E-7
795.00	9.5000001465451E-7
795.50	3.8476200643345E-6
796.00	1.6732999483793E-6
796.50	9.5000001465451E-7
797.00	9.5000001465451E-7
797.50	9.5000001465451E-7
798.00	1.2772600257449E-6
798.50	2.8620600005524E-6
799.00	4.1225198401662E-6
799.50	9.5000001465451E-7
800.00	9.5000001465451E-7
800.50	9.5000001465451E-7
801.00	9.5431801128143E-7
801.50	9.5000001465451E-7
802.00	9.5000001465451E-7
802.50	9.5000001465451E-7
803.00	9.5000001465451E-7
803.50	9.5000001465451E-7
804.00	9.5000001465451E-7
804.50	9.5000001465451E-7
805.00	9.5000001465451E-7
805.50	9.5000001465451E-7
806.00	9.5000001465451E-7
806.50	9.5000001465451E-7
807.00	9.5000001465451E-7
807.50	9.5000001465451E-7
808.00	9.5000001465451E-7
808.50	9.5000001465451E-7
809.00	9.5000001465451E-7
809.50	9.5000001465451E-7
810.00	9.5000001465451E-7
810.50	9.5000001465451E-7
811.00	9.5000001465451E-7
811.50	9.5000001465451E-7
812.00	1.0217299859505E-6
812.50	9.5000001465451E-7
813.00	9.5000001465451E-7
813.50	9.5000001465451E-7
814.00	9.5000001465451E-7
814.50	9.5000001465451E-7
815.00	9.5000001465451E-7
815.50	9.5000001465451E-7
816.00	9.5000001465451E-7
816.50	9.5000001465451E-7
817.00	9.5000001465451E-7
817.50	9.5000001465451E-7
818.00	9.5000001465451E-7
818.50	9.5000001465451E-7
819.00	9.5000001465451E-7
819.50	9.5000001465451E-7
820.00	9.5000001465451E-7
820.50	9.5000001465451E-7
821.00	9.5000001465451E-7
821.50	9.5000001465451E-7
822.00	9.5000001465451E-7
822.50	9.5000001465451E-7
823.00	9.5000001465451E-7
823.50	9.5000001465451E-7
824.00	9.5000001465451E-7
824.50	9.5000001465451E-7
825.00	9.5000001465451E-7
825.50	9.5000001465451E-7
826.00	9.5000001465451E-7
826.50	9.5000001465451E-7
827.00	9.5000001465451E-7
827.50	9.5000001465451E-7
828.00	9.5000001465451E-7
828.50	9.5000001465451E-7
829.00	9.5000001465451E-7
829.50	9.5000001465451E-7
830.00	9.5000001465451E-7
830.50	9.5000001465451E-7
831.00	9.5000001465451E-7
831.50	9.5000001465451E-7
832.00	9.5000001465451E-7
832.50	9.5000001465451E-7
833.00	9.5000001465451E-7
833.50	9.5000001465451E-7
834.00	9.5000001465451E-7
834.50	9.5000001465451E-7
835.00	9.5000001465451E-7
835.50	9.5000001465451E-7
836.00	9.5000001465451E-7
836.50	9.5000001465451E-7
837.00	9.5000001465451E-7
837.50	9.5000001465451E-7
838.00	9.5000001465451E-7
838.50	9.5000001465451E-7
839.00	9.5000001465451E-7
839.50	9.5000001465451E-7
840.00	9.5000001465451E-7
840.50	9.5000001465451E-7
841.00	9.5000001465451E-7
841.50	9.5000001465451E-7
842.00	9.5000001465451E-7
842.50	9.5000001465451E-7
843.00	9.5000001465451E-7
843.50	9.5000001465451E-7
844.00	9.5000001465451E-7
844.50	9.5000001465451E-7
845.00	9.5000001465451E-7
845.50	9.5000001465451E-7
846.00	1.4550499827237E-6
846.50	9.5000001465451E-7
847.00	9.5000001465451E-7
847.50	9.5000001465451E-7
848.00	9.5000001465451E-7
848.50	9.5000001465451E-7
849.00	9.5000001465451E-7
849.50	9.5000001465451E-7
850.00	1.1085099913544E-6
850.50	9.5000001465451E-7
851.00	9.5000001465451E-7
851.50	9.5000001465451E-7
852.00	1.0785799986479E-6
852.50	9.5000001465451E-7
853.00	9.5000001465451E-7
853.50	9.5000001465451E-7
854.00	9.5000001465451E-7
854.50	9.5000001465451E-7
855.00	9.5000001465451E-7
855.50	9.5000001465451E-7
856.00	9.5000001465451E-7
856.50	9.5000001465451E-7
857.00	9.5000001465451E-7
857.50	9.5000001465451E-7
858.00	9.5000001465451E-7
858.50	9.5000001465451E-7
859.00	9.5000001465451E-7
859.50	9.5000001465451E-7
860.00	9.5000001465451E-7
860.50	9.5000001465451E-7
861.00	1.1314699577269E-6
861.50	9.5000001465451E-7
862.00	9.5000001465451E-7
862.50	9.5000001465451E-7
863.00	9.5000001465451E-7
863.50	9.5000001465451E-7
864.00	9.5000001465451E-7
864.50	9.5000001465451E-7
865.00	9.5000001465451E-7
865.50	9.5000001465451E-7
866.00	9.5000001465451E-7
866.50	9.5000001465451E-7
867.00	9.5000001465451E-7
867.50	9.5000001465451E-7
868.00	9.5000001465451E-7
868.50	9.5000001465451E-7
869.00	9.5000001465451E-7
869.50	9.5000001465451E-7
870.00	9.5000001465451E-7
870.50	9.5000001465451E-7
871.00	9.5000001465451E-7
871.50	9.5000001465451E-7
872.00	9.5000001465451E-7
872.50	9.5000001465451E-7
873.00	9.5000001465451E-7
873.50	9.5000001465451E-7
874.00	9.5000001465451E-7
874.50	9.5000001465451E-7
875.00	9.5000001465451E-7
875.50	9.5000001465451E-7
876.00	9.5000001465451E-7
876.50	9.5000001465451E-7
877.00	9.5000001465451E-7
877.50	9.5000001465451E-7
878.00	9.5000001465451E-7
878.50	9.5000001465451E-7
879.00	9.5000001465451E-7
879.50	9.5000001465451E-7
880.00	9.5000001465451E-7
880.50	9.5000001465451E-7
881.00	9.5000001465451E-7
881.50	9.5000001465451E-7
882.00	1.2133599511799E-6
882.50	1.0958400480376E-6
883.00	9.7836698387255E-7
883.50	9.5000001465451E-7
884.00	9.5000001465451E-7
884.50	9.5000001465451E-7
885.00	9.5000001465451E-7
885.50	9.5000001465451E-7
886.00	9.5000001465451E-7
886.50	9.5000001465451E-7
887.00	9.5000001465451E-7
887.50	9.5000001465451E-7
888.00	9.5000001465451E-7
888.50	9.5000001465451E-7
889.00	9.5000001465451E-7
889.50	9.5000001465451E-7
890.00	9.5000001465451E-7
890.50	9.5000001465451E-7
891.00	9.5000001465451E-7
891.50	9.5000001465451E-7
892.00	9.5000001465451E-7
892.50	9.5000001465451E-7
893.00	9.5000001465451E-7
893.50	9.5000001465451E-7
894.00	9.5000001465451E-7
894.50	9.5000001465451E-7
895.00	9.5000001465451E-7
895.50	9.5000001465451E-7
896.00	9.5000001465451E-7
896.50	9.5000001465451E-7
897.00	9.5000001465451E-7
897.50	9.5000001465451E-7
898.00	9.5000001465451E-7
898.50	9.5000001465451E-7
899.00	9.5000001465451E-7
899.50	9.5000001465451E-7
900.00	9.5000001465451E-7
900.50	9.5000001465451E-7
901.00	9.5000001465451E-7
901.50	9.5000001465451E-7
902.00	9.5000001465451E-7
902.50	9.5000001465451E-7
903.00	9.5000001465451E-7
903.50	9.5000001465451E-7
904.00	9.5000001465451E-7
904.50	9.5000001465451E-7
905.00	9.5000001465451E-7
905.50	9.5000001465451E-7
906.00	9.5000001465451E-7
906.50	9.5000001465451E-7
907.00	9.5000001465451E-7
907.50	9.5000001465451E-7
908.00	9.5000001465451E-7
908.50	9.5000001465451E-7
909.00	9.5000001465451E-7
909.50	9.5000001465451E-7
910.00	9.5000001465451E-7
910.50	9.5000001465451E-7
911.00	9.5000001465451E-7
911.50	9.5000001465451E-7
912.00	9.5000001465451E-7
912.50	9.5000001465451E-7
913.00	9.5000001465451E-7
913.50	9.5000001465451E-7
914.00	9.5000001465451E-7
914.50	9.5000001465451E-7
915.00	9.5000001465451E-7
915.50	9.5000001465451E-7
916.00	9.5000001465451E-7
916.50	9.5000001465451E-7
917.00	9.5000001465451E-7
917.50	9.5000001465451E-7
918.00	9.5000001465451E-7
918.50	9.5000001465451E-7
919.00	9.5000001465451E-7
919.50	9.5000001465451E-7
920.00	9.5000001465451E-7
920.50	9.5000001465451E-7
921.00	9.5000001465451E-7
921.50	9.5000001465451E-7
922.00	9.5000001465451E-7
922.50	9.5000001465451E-7
923.00	9.5000001465451E-7
923.50	9.5000001465451E-7
924.00	9.5000001465451E-7
924.50	9.5000001465451E-7
925.00	9.5000001465451E-7
925.50	9.5000001465451E-7
926.00	9.5000001465451E-7
926.50	9.5000001465451E-7
927.00	9.5000001465451E-7
927.50	9.5000001465451E-7
928.00	9.5000001465451E-7
928.50	9.5000001465451E-7
929.00	9.5000001465451E-7
929.50	9.5000001465451E-7
930.00	9.5000001465451E-7
930.50	9.5000001465451E-7
931.00	9.5000001465451E-7
931.50	9.5000001465451E-7
932.00	9.5000001465451E-7
932.50	9.5000001465451E-7
933.00	9.5000001465451E-7
933.50	9.5000001465451E-7
934.00	9.5000001465451E-7
934.50	9.5000001465451E-7
935.00	9.5000001465451E-7
935.50	9.5000001465451E-7
936.00	9.5000001465451E-7
936.50	9.5000001465451E-7
937.00	9.5000001465451E-7
937.50	9.5000001465451E-7
938.00	9.5000001465451E-7
938.50	9.5000001465451E-7
939.00	9.5000001465451E-7
939.50	9.5000001465451E-7
940.00	1.1908899750779E-6
940.50	9.5000001465451E-7
941.00	9.5000001465451E-7
941.50	9.5000001465451E-7
942.00	9.5000001465451E-7
942.50	9.5000001465451E-7
943.00	9.5000001465451E-7
943.50	9.5000001465451E-7
944.00	9.5000001465451E-7
944.50	9.5000001465451E-7
945.00	9.5000001465451E-7
945.50	9.5000001465451E-7
946.00	9.5000001465451E-7
946.50	9.5000001465451E-7
947.00	9.5000001465451E-7
947.50	9.5000001465451E-7
948.00	9.5000001465451E-7
948.50	9.5000001465451E-7
949.00	9.5000001465451E-7
949.50	9.5000001465451E-7
950.00	9.5000001465451E-7
950.50	9.5000001465451E-7
951.00	9.5000001465451E-7
951.50	9.5000001465451E-7
952.00	9.5000001465451E-7
952.50	9.5000001465451E-7
953.00	9.5000001465451E-7
953.50	9.5000001465451E-7
954.00	9.5000001465451E-7
954.50	9.5000001465451E-7
955.00	9.5000001465451E-7
955.50	9.5000001465451E-7
956.00	9.5000001465451E-7
956.50	9.5000001465451E-7
957.00	9.5000001465451E-7
957.50	9.5000001465451E-7
958.00	9.5000001465451E-7
958.50	9.5000001465451E-7
959.00	9.5000001465451E-7
959.50	9.5000001465451E-7
960.00	9.5000001465451E-7
960.50	9.5000001465451E-7
961.00	9.5000001465451E-7
961.50	9.5000001465451E-7
962.00	9.5000001465451E-7
962.50	9.5000001465451E-7
963.00	9.5000001465451E-7
963.50	9.5000001465451E-7
964.00	9.5000001465451E-7
964.50	9.5000001465451E-7
965.00	9.5000001465451E-7
965.50	9.5000001465451E-7
966.00	9.5000001465451E-7
966.50	9.5000001465451E-7
967.00	9.5000001465451E-7
967.50	9.5000001465451E-7
968.00	9.5000001465451E-7
968.50	9.5000001465451E-7
969.00	9.5000001465451E-7
969.50	9.5000001465451E-7
970.00	9.5000001465451E-7
970.50	9.5000001465451E-7
971.00	9.5000001465451E-7
971.50	9.5000001465451E-7
972.00	9.5000001465451E-7
972.50	9.5000001465451E-7
973.00	9.5000001465451E-7
973.50	9.5000001465451E-7
974.00	9.5000001465451E-7
974.50	9.5000001465451E-7
975.00	9.5000001465451E-7
975.50	9.5000001465451E-7
976.00	9.5000001465451E-7
976.50	9.5000001465451E-7
977.00	9.5000001465451E-7
977.50	9.5000001465451E-7
978.00	9.5000001465451E-7
978.50	9.5000001465451E-7
979.00	9.5000001465451E-7
979.50	9.5000001465451E-7
980.00	9.5000001465451E-7
980.50	9.5000001465451E-7
981.00	9.5000001465451E-7
981.50	9.5000001465451E-7
982.00	9.5000001465451E-7
982.50	9.5000001465451E-7
983.00	9.5000001465451E-7
983.50	9.5000001465451E-7
984.00	9.5000001465451E-7
984.50	9.5000001465451E-7
985.00	9.5000001465451E-7
985.50	9.5000001465451E-7
986.00	9.5000001465451E-7
986.50	9.5000001465451E-7
987.00	9.5000001465451E-7
987.50	9.5000001465451E-7
988.00	9.5000001465451E-7
988.50	9.5000001465451E-7
989.00	9.5000001465451E-7
989.50	9.5000001465451E-7
990.00	9.5000001465451E-7
990.50	9.5000001465451E-7
991.00	9.5000001465451E-7
991.50	9.5000001465451E-7
992.00	9.5000001465451E-7
992.50	9.5000001465451E-7
993.00	9.5000001465451E-7
993.50	9.5000001465451E-7
994.00	9.5000001465451E-7
994.50	9.5000001465451E-7
995.00	9.5000001465451E-7
995.50	9.5000001465451E-7
996.00	9.5000001465451E-7
996.50	9.5000001465451E-7
997.00	9.5000001465451E-7
997.50	9.5000001465451E-7
998.00	9.5000001465451E-7
998.50	9.5000001465451E-7
999.00	9.5000001465451E-7
999.50	9.5000001465451E-7
1000.00	9.5000001465451E-7
1000.50	9.5000001465451E-7
1001.00	9.5000001465451E-7
1001.50	9.5000001465451E-7
1002.00	9.5000001465451E-7
1002.50	9.5000001465451E-7
1003.00	9.5000001465451E-7
1003.50	9.5000001465451E-7
1004.00	9.5000001465451E-7
1004.50	9.5000001465451E-7
1005.00	1.1543399978109E-6
1005.50	9.5000001465451E-7
1006.00	9.5000001465451E-7
1006.50	9.5000001465451E-7
1007.00	9.5000001465451E-7
1007.50	9.5000001465451E-7
1008.00	9.5000001465451E-7
1008.50	9.5000001465451E-7
1009.00	9.5000001465451E-7
1009.50	9.5000001465451E-7
1010.00	9.5000001465451E-7
1010.50	9.5000001465451E-7
1011.00	9.5000001465451E-7
1011.50	9.5000001465451E-7
1012.00	9.5000001465451E-7
1012.50	9.5000001465451E-7
1013.00	9.5000001465451E-7
1013.50	9.5000001465451E-7
1014.00	9.5000001465451E-7
1014.50	9.5000001465451E-7
1015.00	9.5000001465451E-7
1015.50	9.5000001465451E-7
1016.00	1.0438700428494E-6
1016.50	9.5000001465451E-7
1017.00	9.5000001465451E-7
1017.50	9.5000001465451E-7
1018.00	9.5000001465451E-7
1018.50	9.5000001465451E-7
1019.00	9.5000001465451E-7
1019.50	9.5000001465451E-7
1020.00	9.5000001465451E-7
1020.50	9.5000001465451E-7
1021.00	9.5000001465451E-7
1021.50	9.5000001465451E-7
1022.00	9.5000001465451E-7
1022.50	9.5000001465451E-7
1023.00	9.5000001465451E-7
1023.50	9.5000001465451E-7
1024.00	9.5000001465451E-7
1024.50	9.5000001465451E-7
1025.00	9.5000001465451E-7
1025.50	9.5000001465451E-7
1026.00	9.5000001465451E-7
1026.50	9.5000001465451E-7
1027.00	9.5000001465451E-7
1027.50	9.5000001465451E-7
1028.00	9.5000001465451E-7
1028.50	9.5000001465451E-7
1029.00	9.5000001465451E-7
1029.50	9.5000001465451E-7
1030.00	9.5000001465451E-7
1030.50	9.5000001465451E-7
1031.00	9.5000001465451E-7
1031.50	9.5000001465451E-7
1032.00	9.5000001465451E-7
1032.50	9.5000001465451E-7
1033.00	9.5000001465451E-7
1033.50	9.5000001465451E-7
1034.00	9.5000001465451E-7
1034.50	9.5000001465451E-7
1035.00	9.5000001465451E-7
1035.50	9.5000001465451E-7
1036.00	9.5000001465451E-7
1036.50	9.5000001465451E-7
1037.00	9.5000001465451E-7
1037.50	9.5000001465451E-7
1038.00	9.5000001465451E-7
1038.50	9.5000001465451E-7
1039.00	9.5000001465451E-7
1039.50	9.5000001465451E-7
1040.00	2.2083499970904E-6
1040.50	9.5000001465451E-7
1041.00	9.5000001465451E-7
1041.50	9.5000001465451E-7
1042.00	9.5000001465451E-7
1042.50	9.5000001465451E-7
1043.00	9.5000001465451E-7
1043.50	9.5000001465451E-7
1044.00	9.5000001465451E-7
1044.50	9.5000001465451E-7
1045.00	9.5000001465451E-7
1045.50	9.5000001465451E-7
1046.00	9.5000001465451E-7
1046.50	9.5000001465451E-7
1047.00	9.5000001465451E-7
1047.50	9.5000001465451E-7
1048.00	9.5000001465451E-7
1048.50	9.5000001465451E-7
1049.00	9.5000001465451E-7
1049.50	9.5000001465451E-7
1050.00	9.5000001465451E-7
1050.50	9.5000001465451E-7
1051.00	9.5000001465451E-7
1051.50	9.5000001465451E-7
1052.00	9.5000001465451E-7
1052.50	9.5000001465451E-7
1053.00	1.1320199746478E-6
1053.50	9.5000001465451E-7
1054.00	9.5000001465451E-7
1054.50	9.5000001465451E-7
1055.00	9.5000001465451E-7
1055.50	9.5000001465451E-7
1056.00	9.5000001465451E-7
1056.50	9.5000001465451E-7
1057.00	9.5000001465451E-7
1057.50	9.5000001465451E-7
1058.00	9.5000001465451E-7
1058.50	9.5000001465451E-7
1059.00	9.5000001465451E-7
1059.50	9.5000001465451E-7
1060.00	9.5000001465451E-7
1060.50	9.5000001465451E-7
1061.00	9.5000001465451E-7
1061.50	9.5000001465451E-7
1062.00	9.5000001465451E-7
1062.50	9.5000001465451E-7
1063.00	9.5000001465451E-7
1063.50	9.5000001465451E-7
1064.00	9.5000001465451E-7
1064.50	9.5000001465451E-7
1065.00	9.5000001465451E-7
1065.50	9.5000001465451E-7
1066.00	9.5000001465451E-7
1066.50	9.5000001465451E-7
1067.00	9.5000001465451E-7
1067.50	9.5000001465451E-7
1068.00	9.5000001465451E-7
1068.50	9.5000001465451E-7
1069.00	9.5000001465451E-7
1069.50	9.5000001465451E-7
1070.00	9.5000001465451E-7
1070.50	9.5000001465451E-7
1071.00	9.5000001465451E-7
1071.50	9.5000001465451E-7
1072.00	9.5000001465451E-7
1072.50	9.5000001465451E-7
1073.00	9.5000001465451E-7
1073.50	9.5000001465451E-7
1074.00	9.5000001465451E-7
1074.50	9.5000001465451E-7
1075.00	9.5000001465451E-7
1075.50	9.5000001465451E-7
1076.00	9.5000001465451E-7
1076.50	9.5000001465451E-7
1077.00	9.5000001465451E-7
1077.50	9.5000001465451E-7
1078.00	9.5000001465451E-7
1078.50	9.5000001465451E-7
1079.00	9.5000001465451E-7
1079.50	9.5000001465451E-7
1080.00	9.5000001465451E-7
1080.50	9.5000001465451E-7
1081.00	9.5000001465451E-7
1081.50	9.5000001465451E-7
1082.00	9.5000001465451E-7
1082.50	9.5000001465451E-7
1083.00	9.5000001465451E-7
1083.50	9.5000001465451E-7
1084.00	9.5000001465451E-7
1084.50	9.5000001465451E-7
1085.00	9.5000001465451E-7
1085.50	9.5000001465451E-7
1086.00	9.5000001465451E-7
1086.50	9.5000001465451E-7
1087.00	9.5000001465451E-7
1087.50	9.5000001465451E-7
1088.00	9.5000001465451E-7
1088.50	9.5000001465451E-7
1089.00	9.5000001465451E-7
1089.50	9.5000001465451E-7
1090.00	9.5000001465451E-7
1090.50	9.5000001465451E-7
1091.00	9.5000001465451E-7
1091.50	9.5000001465451E-7
1092.00	9.5000001465451E-7
1092.50	9.5000001465451E-7
1093.00	1.2875699439974E-6
1093.50	9.5000001465451E-7
1094.00	9.5000001465451E-7
1094.50	9.5000001465451E-7
1095.00	9.5000001465451E-7
1095.50	9.5000001465451E-7
1096.00	9.5000001465451E-7
1096.50	9.5000001465451E-7
1097.00	9.5000001465451E-7
1097.50	9.5000001465451E-7
1098.00	9.5000001465451E-7
1098.50	9.5000001465451E-7
1099.00	9.5000001465451E-7
1099.50	9.5000001465451E-7
1100.00	9.5000001465451E-7
1100.50	9.5000001465451E-7
1101.00	9.5000001465451E-7
1101.50	9.5000001465451E-7
1102.00	9.5000001465451E-7
1102.50	9.5000001465451E-7
1103.00	9.5000001465451E-7
1103.50	9.5000001465451E-7
1104.00	9.5000001465451E-7
1104.50	9.5000001465451E-7
1105.00	9.5000001465451E-7
1105.50	9.5000001465451E-7
1106.00	9.5000001465451E-7
1106.50	9.5000001465451E-7
1107.00	9.5000001465451E-7
1107.50	9.5000001465451E-7
1108.00	9.5000001465451E-7
1108.50	9.5000001465451E-7
1109.00	9.5000001465451E-7
1109.50	9.5000001465451E-7
1110.00	9.5000001465451E-7
1110.50	9.5000001465451E-7
1111.00	9.5000001465451E-7
1111.50	9.5000001465451E-7
1112.00	9.5000001465451E-7
1112.50	9.5000001465451E-7
1113.00	9.5000001465451E-7
1113.50	9.5000001465451E-7
1114.00	9.5000001465451E-7
1114.50	9.5000001465451E-7
1115.00	9.5000001465451E-7
1115.50	9.5000001465451E-7
1116.00	9.5000001465451E-7
1116.50	9.5000001465451E-7
1117.00	9.5000001465451E-7
1117.50	9.5000001465451E-7
1118.00	9.5000001465451E-7
1118.50	9.5000001465451E-7
1119.00	9.5000001465451E-7
1119.50	9.5000001465451E-7
1120.00	9.5000001465451E-7
1120.50	9.5000001465451E-7
1121.00	9.5000001465451E-7
1121.50	9.5000001465451E-7
1122.00	9.5000001465451E-7
1122.50	9.5000001465451E-7
1123.00	9.5000001465451E-7
1123.50	9.5000001465451E-7
1124.00	9.5000001465451E-7
1124.50	9.5000001465451E-7
1125.00	9.5000001465451E-7
1125.50	9.5000001465451E-7
1126.00	9.5000001465451E-7
1126.50	9.5000001465451E-7
1127.00	9.5000001465451E-7
1127.50	9.5000001465451E-7
1128.00	9.5000001465451E-7
1128.50	9.5000001465451E-7
1129.00	9.5000001465451E-7
1129.50	9.5000001465451E-7
1130.00	9.5000001465451E-7
1130.50	9.5000001465451E-7
1131.00	9.5000001465451E-7
1131.50	9.5000001465451E-7
1132.00	9.5000001465451E-7
1132.50	9.5000001465451E-7
1133.00	9.5000001465451E-7
1133.50	9.5000001465451E-7
1134.00	9.5000001465451E-7
1134.50	9.5000001465451E-7
1135.00	9.5000001465451E-7
1135.50	9.5000001465451E-7
1136.00	9.5000001465451E-7
1136.50	9.5000001465451E-7
1137.00	9.5000001465451E-7
1137.50	9.5000001465451E-7
1138.00	9.5000001465451E-7
1138.50	9.5000001465451E-7
1139.00	9.5000001465451E-7
1139.50	9.5000001465451E-7
1140.00	9.5000001465451E-7
1140.50	9.5000001465451E-7
1141.00	9.5000001465451E-7
1141.50	9.5000001465451E-7
1142.00	9.5000001465451E-7
1142.50	9.5000001465451E-7
1143.00	9.5000001465451E-7
1143.50	9.5000001465451E-7
1144.00	9.5000001465451E-7
1144.50	9.5000001465451E-7
1145.00	9.5000001465451E-7
1145.50	9.5000001465451E-7
1146.00	9.5000001465451E-7
1146.50	9.5000001465451E-7
1147.00	9.5000001465451E-7
1147.50	9.5000001465451E-7
1148.00	9.5000001465451E-7
1148.50	9.5000001465451E-7
1149.00	9.5000001465451E-7
1149.50	9.5000001465451E-7
1150.00	9.5000001465451E-7
1150.50	9.5000001465451E-7
1151.00	9.5000001465451E-7
1151.50	9.5000001465451E-7
1152.00	9.5000001465451E-7
1152.50	9.5000001465451E-7
1153.00	9.5000001465451E-7
1153.50	9.5000001465451E-7
1154.00	9.5000001465451E-7
1154.50	9.5000001465451E-7
1155.00	9.5000001465451E-7
1155.50	9.5000001465451E-7
1156.00	9.5000001465451E-7
1156.50	9.5000001465451E-7
1157.00	9.5000001465451E-7
1157.50	9.5000001465451E-7
1158.00	9.5000001465451E-7
1158.50	9.5000001465451E-7
1159.00	9.5000001465451E-7
1159.50	9.5000001465451E-7
1160.00	9.5000001465451E-7
